cname	ginet_solt	ginmar_solt	DesempregoLongo	IDH	Homi_number	Homi_number_UNODC	Homi_rate	Homi_rate_UNODC	ACR_Hazel	ACR_Cipriani	ACM_Hazel	ACM_GV
"Afghanistan"				0.342		1115		4	7	12		18
"Albania"				0.716	127	85	4	2.7		14		18
"Algeria"				0.671		277	1.5	0.8	13	13		
"Andorra"				0.822		1	1.3	1.3	16	12		
"Angola"				0.399						12		18
"Antigua and Barbuda"					6	16	6.8	18.5		8		
"Argentina"	42.28	43.8		0.772		2215	5.5	5.5	16	16	18	18
"Armenia"				0.693	44	83	1.4	2.8	14	14		18
"Australia"	33.48	46.04	14.7	0.935	229	263	1	1.2	10	10	17	18
"Austria"	27.11	48.5	21.3	0.849	53	43	0.6	0.5	14	14	18	18
"Azerbaijan"				0.71	206	164	2.2	1.8	14	14		
"Bahamas"				0.783	94	87	27.4	24.5		7		18
"Bahrain"				0.798		13		1.1		0		21
"Bangladesh"	33.33	57.75		0.463	3988	4219	2.7	2.8	9	9		
"Barbados"				0.787	31	19	11.3	6.8	7	11	16	18
"Belarus"				0.729		473	4.9	5	14	14	16	18
"Belgium"	24.73	37.46	44.2	0.865	180	189	1.7	1.3	16	12	18	18
"Belize"				0.694	129	97	41.4	32.2		9		
"Benin"				0.432						13		
"Bhutan"						8		1.1	10	10		18
"Bolivia"				0.637	884	835	8.9	8.4		12		18
"Bosnia and Herzegovina"				0.709	56	71	1.5	1.8	14	14	18	18
"Botswana"				0.627						8		
"Brazil"	46.68	51.13		0.693	40974	44518	21	23	12	12	18	18
"Brunei"				0.804			0.5		0	7		18
"Bulgaria"	35.17	39.33	43.3	0.741	147	150	2	2	14	14		18
"Burkina Faso"				0.303						13		
"Burundi"				0.276						13		18
"Cambodia"				0.489						0		18
"Cameroon"				0.456						10		21
"Canada"	31.43	42.85	7.8	0.886	554	540	1.6	1.6	12	12	18	18
"Cape Verde"				0.531		30		6.2		16		
"Cayman Islands"						8	8.4	14.7	8		17	
"Central African Republic"				0.311						13		
"Chad"				0.293						13		21
"Chile"	49.7	50.86		0.779	541	630	3.2	3.7	16	14		18
"China"				0.655	13410	14667	1	1.1	14	14	25	
"Colombia"	51.28	52.11		0.685	15459	15454	33.4	33.7	18	14		18
"Comoros"				0.426						13		
"Congo"				0.483						13		
"Congo, Democratic Republic"				0.233						0		
"Costa Rica"	46.02	47.28		0.723	527	525	11.3	11.4	12	12		
"Cote d'Ivoire"				0.394						10		21
"Croatia"	27.57	32.46	56.2	0.765	62	49	1.4	1.1	14	14	21	18
"Cuba"							5		16	0	16	18
"Cyprus (1975-)"	29.34	47.2	10.4	0.809		19	1.7	1.7	7	10		18
"Czech Republic"	24.85	41.57	31.2	0.841		94	1.7	0.9	15	15	18	18
"Denmark"	26.47	53.22	9.1	0.864		47	0.9	0.9	15	15	18	18
"Djibouti"				0.399						13		18
"Dominica"					15	13	22.1	18.3		12		18
"Dominican Republic"	45.51	46.76		0.66	2474	2375	24.9	24		13		18
"Ecuador"	46.81	47.37		0.692	2638	2625	18.2	17.8	12	12		18
"Egypt"				0.614		912	1.2	1.2	15	7	18	21
"El Salvador"				0.655	4005	4382	64.7	70.9		12		18
"Equatorial Guinea"				0.536						16		
"Eritrea"										12		
"Estonia"	31.1	35.62	27.4	0.809	70	70	5.2	5.4	16	7	18	18
"Ethiopia (1993-)"				0.324						9		
"Fiji"				0.667						10		18
"Finland"	25.36	47.82	16.6	0.869	118	120	2.2	2.2	15	15	20	18
"France (1963-)"	28.57	51.88	35.2	0.869		682	1.1	1.1	13	0	18	18
"Gabon"				0.642						13		18
"Gambia"				0.385						12		
"Georgia"				0.695	187	210	4.3	4.8		12		
"Germany"	30.24	55.48	45.5	0.883	690	706	0.8	0.8	14	14	18	18
"Ghana"				0.463						12		
"Greece"	32.82	39.2	40.8	0.853	176	144	1.5	1.3	13	13	21	18
"Grenada"					12	7	11.5	6.7		7		
"Guatemala"				0.556	5960	6498	41.4	46.5		13		18
"Guinea"				0.338						13		21
"Guinea-Bissau"				0.286						16		
"Guyana"				0.605	140	117	18.6	15		10		18
"Haiti"				0.41	689	598	6.9	6.1		13		
"Honduras"	51.8	53.54		0.601	6239	5280	82.1	70.7	12	12	18	21
"Hong Kong"				0.857		47	0.2	0.7	16	10	20	18
"Hungary"	26.11	38.44	42.6	0.803	133	139	1.3	1.4	14	14	18	18
"Iceland"	28.3	46.92	6.9	0.869		1	0.3	0.3	15	15		18
"India"				0.512		41542	3.5	3.5	7	7	16	18
"Indonesia"	37.16	38.02		0.593		1311		0.6		8		15
"Iran"				0.697						9		18
"Iraq"							2		9	9		
"Ireland"	29.32	39.69	29	0.894		56	1.2	1.3	12	10	18	18
"Israel"			20.3	0.871	158	128	2.1	1.8	13	12	18	
"Italy"	32.99	43.92	44.4	0.851	529	590	0.9	1	14	14	18	18
"Jamaica"				0.686	1430	1682	52.2	61.6	7	12	14	18
"Japan"	30.71	37.22	28.5	0.881		506	0.4	0.4	14	11	20	20
"Jordan"				0.677		91		1.5		7		
"Kazakhstan"				0.711	1418	1604	8.8	10.2	14	14		
"Kenya"				0.464		2218	20.1	5.6	7	8		18
"Kiribati"							7.3			10		
"Korea, North"							15.2			14		
"Korea, South"	31.43	35.82	0.5	0.872					14	14		20
"Kuwait"				0.769			2.2		7	7		
"Kyrgyzstan"				0.594	1072	419	20.1	8		14		16
"Laos"				0.49						15		18
"Latvia"	36.49	53.32	26.7	0.769	70	108	3.1	5.1	16	14	18	18
"Lebanon"					95	81	2.2	1.9	12	7		18
"Lesotho"				0.423	764	723	35.2	36.3		7		21
"Liberia"				0.294		145		3.8		7		
"Libya"				0.749			2.9		8	7		
"Liechtenstein"				0.889		0	2.8	0	7	14		18
"Lithuania"	35.72	51.43	23.2	0.782	219	252	6.6	8.1	14	14	16	18
"Luxembourg"	28.93	43.48	23.1	0.85		5	0.6	1	18	0		18
"Macedonia"			81.6	0.697		35	1.9	1.7	14	14	16	
"Madagascar"				0.436						13		21
"Malawi"				0.376		320		2.2		7		
"Malaysia (1966-)"				0.739			2.3		10	0		18
"Maldives"				0.595						999		
"Mali"				0.305						13		
"Malta"	27.75	44.68	43.5	0.813	4	4	1	0.9	9	9		18
"Marshall Islands"										0		
"Mauritania"				0.429			14.7			7		18
"Mauritius"				0.697	33	38	2.5	3.1	14	0		
"Mexico"	44.52	45.88	1.9	0.745	25757	19803	22.7	17	6	12		18
"Micronesia"				0.612						0		
"Moldova"	37.52	35.13		0.62		246	7.5	6.8	16	14	16	
"Monaco"										13		21
"Mongolia"				0.616	239	219	8.7	8.2	14	14		
"Montenegro"				0.768		21		3.4		14		
"Morocco"				0.562	447	432	1.4	1.4		12		
"Mozambique"				0.28						0		18
"Myanmar"				0.444						7		
"Namibia"				0.603		388	17.2	18.1	10	7	18	21
"Nauru"										0		
"Nepal"				0.423		804		3	10	0		16
"Netherlands"	27.31	49.38	24.8	0.888		154	1.1	0.9	12	12	21	18
"New Zealand"			6.3	0.904	46	67	1.1	1.5	10	10	17	18
"Nicaragua"				0.562	785	802	13.6	14		13		
"Niger"				0.258						13		
"Nigeria"				0.419						7		
"Northern Ireland"									10	10	18	
"Norway"	22.28	40.83	7.7	0.937	29	29	0.6	0.6	15	15	18	18
"Oman"										9		18
"Pakistan (1971-)"				0.487	13208	12491	7.6	7.3	0	0		16
"Palau"										10		
"Panama"	48.47	49.99		0.751	759	818	21.6	22.6	0	14		18
"Papua New Guinea"				0.426		697		10.4		7		
"Paraguay"	48.67	49.34		0.634	741	821	11.5	12.9		14		
"Peru"	49.87532043457031	47.273338317871094		0.718		2969		10.3		14		
"Philippines"	41.2730598449707	42.87546920776367		0.635		6368	5.4	6.9	9	15	15	21
"Poland"	29.365440368652344	41.37104034423828	25.2	0.791	436	493	1.1	1.3	13	0	17	18
"Portugal"	34.03070831298828	58.40095901489258	44.1	0.791	124	130	1.2	1.2	16	12		18
"Qatar"				0.798						7		18
"Romania"	32.8868293762207	49.80601119995117	31.6	0.764		397	2	1.8	16	14	21	18
"Russia"	45.238521575927734	49.220821380615234		0.714	14574	15954	10.2	11.1	16	14	18	18
"Rwanda"				0.379						14		18
"Samoa"										8		
"San Marino"									12	12		
"Sao Tome and Principe"				0.485		5		2.9		16		
"Saudi Arabia"				0.748			1		0	999		18
"Scotland"									8	8	16	16
"Senegal"				0.408			8.7		13	13		18
"Serbia"				0.733	123	145	1.2	1.5		14		18
"Seychelles"										7		18
"Sierra Leone"				313		158		2.8		14		
"Singapore"	41.28948974609375	50.356990814208984		0.841	19	20	0.4	0.4	7	7	12	21
"Slovakia"	23.44087028503418	37.43220901489258	50.9	0.815		84	1.5	1.5	15	14	18	18
"Slovenia"	23.421009063720703	41.43510818481445	30.1	0.826	15	13	0.7	0.6	14	14	18	18
"Solomon Islands"				0.492						0		
"Somalia"										0		
"South Africa"			14.4	0.594	15940	16834	31.8	33.1	10	7	18	21
"Spain"	32.0884895324707	38.606109619140625	30.2	0.861	390	399	0.8	0.9	14	14	21	18
"Sri Lanka"				0.653		958		4.7	8	8		
"St Kitts and Nevis"						27		52.2		8		18
"St Lucia"						39		22.3		12		
"St Vincent and the Grenadines"						20		18.3		8		
"Sudan (-2011)"				0.375						0		18
"Suriname"				0.643						10		
"Swaziland"				0.492						7		21
"Sweden"	22.47956085205078	45.11457061767578	12.8	0.884	91	87	1	0.9	15	15	18	18
"Switzerland"	30.19828987121582	46.48019027709961	30.1	0.872	52	51	0.7	0.7	7	10	18	18
"Syria"				0.586	463	476	2.3	2.4		10		18
"Taiwan"												
"Tajikistan"				0.576	143	97	2.1	1.3		14		17
"Tanzania"				0.392			24.5		15	10		18
"Thailand"				0.648	3654	3703	5.3	5.6	7	7		20
"Timor-Leste"				0.497		32		3		12		
"Togo"				0.425			10.9		13	13		
"Tonga"				0.675		8		7.7		7		
"Trinidad and Tobago"				0.732		506	35.2	38.3	7	7		18
"Tunisia"				0.677						13		20
"Turkey"	37.4711799621582	45.258140563964844	25.3	0.674		2366	3.3	3.3	12	12	15	18
"Turkmenistan"				0.662						14		16
"Tuvalu"										10		
"Uganda"				0.416		3233		9.8		12		
"Ukraine"				0.706	2356	2194	5.2	4.7	14	14	16	18
"United Arab Emirates"				0.812						7		
"United Kingdom"	35.73984909057617	49.76694869995117	24.5	0.847		714	1.2	1.2	10	10		18
"United States"	35.74129104614258	45.57126998901367	16.3	0.899	12996	15399	4.2	5	6	0	15	18
"Uruguay"	43.02500915527344	42.84912872314453		0.76	205	226	6.1	6.7		13		18
"Uzbekistan"				0.612						13		14
"Vanuatu"										10		
"Venezuela"	38.91456985473633	39.84259033203125		0.696	13080	13985	45.1	48.9		12		18
"Vietnam"				0.566						14		
"Yemen"				0.431		990		4.5		7		18
"Zambia"				0.387			38		14	8		
"Zimbabwe"				0.118						7		
